Individual	petiole_length	Area	Perimeter	Major	Minor	Circ.	AR	leaves_lustrous	drys_dark	Leaf_margin	mean_peduncle	mean_cyme	length_difference	State	County
ELS198	1.11535	6.209	11.343	4.3915	1.7975	0.6055	2.445	0	0	0	18	20.5	-2.5	Florida	Franklin
ELS200	0.8104	22.7415	20.971	7.9545	3.578	0.641	2.219	0	0	0	29	18	11	Florida	Franklin
ELS201	1.8953	23.713	22.7095	8.11	3.7075	0.5755	2.192	0	0	0	25	23.5	1.5	Florida	Franklin
ELS002	0.88925	22.90675	22.10175	8.59525	3.282	0.57975	2.61725	0	0	0	20	19	1	Florida	Alachua
ELS227	1.32865	14.666	18.121	6.964	2.677	0.56	2.6055	0	0	0	NA	NA	NA	Florida	Alachua
ELS003	0.946533333333333	17.7816666666667	20.5756666666667	8.19266666666667	2.75166666666667	0.525	2.98333333333333	0	0	0	37	16.5	20.5	Florida	Alachua
ELS229	0.703333333333333	13.234	16.7623333333333	6.50033333333333	2.47066666666667	0.561333333333333	2.67833333333333	0	0	0	15	18	-3	Florida	Alachua
ELS230	0.8819	25.0976666666667	22.9936666666667	8.47666666666667	3.681	0.593666666666667	2.27433333333333	0	0	0	NA	NA	NA	Florida	Alachua
ELS251	1.30618	9.799	13.1426	4.8736	2.5026	0.6934	1.9712	0	0	0	17.5	16	1.5	Florida	Alachua
ELS252	1.23775	15.1925	17.3295	6.55875	2.76625	0.5875	2.44925	0	0	0	37	22	15	Florida	Clay
ELS253	1.1658	16.6848333333333	18.5745	6.98083333333333	3.0315	0.602166666666667	2.33466666666667	0	0	0	12	11	1	Florida	Clay
ELS254	1.206775	23.572	23.5375	9.16075	3.2535	0.52875	2.841	0	0	0	28	8	20	Florida	Clay
ELS255	0.84108	13.6326	17.0438	6.6878	2.5498	0.5766	2.6252	0	0	1	29	14	15	Florida	Clay
ELS256	2.1977	10.73	14.882	5.915	2.31	0.609	2.561	0	0	0	22	13.5	8.5	Florida	Clay
ELS265	1.22378	28.1644	23.5306	9.1786	3.7044	0.6064	2.5076	NA	NA	0	38	15	23	South Carolina	Beaufort
ELS266	1.38723333333333	23.3423333333333	20.5346666666667	7.555	3.777	0.669666666666667	1.99	0	0	0	36	17	19	South Carolina	Beaufort
ELS267	1.2518	24.408	19.724	7.138	4.354	0.788	1.64	0	1	0	NA	NA	NA	South Carolina	Colleton
ELS268	0.94864	15.2444	16.341	6.2938	3.0698	0.7162	2.047	0	1	0	54	21.5	32.5	South Carolina	Colleton
ELS271	1.1927	29.0626666666667	25.1716666666667	10.054	3.68066666666667	0.576666666666667	2.73333333333333	0	0	0	NA	NA	NA	South Carolina	Colleton
ELS299	0.5917	8.2495	11.9535	4.3655	2.4025	0.725	1.816	0	0	1	16.5	20	-3.5	North Carolina	Transylvania
ELS300	1.1724	17.336	19.041	6.603	3.343	0.601	1.975	0	0	2	8	12.5	-4.5	North Carolina	Transylvania
ELS302	2.0512	11.299	13.247	4.276	3.365	0.809	1.271	0	0	1	9	23	-14	North Carolina	Transylvania
ELS303	0.90245	11.4375	14.7845	5.4905	2.627	0.652	2.0845	0	0	1	NA	NA	NA	North Carolina	Transylvania
ELS309	1.16686666666667	8.129	11.544	4.10366666666667	2.29066666666667	0.717333333333333	1.73266666666667	0	0	1	11	18	-7	North Carolina	Haywood
ELS311	1.29355	17.2275	18.676	7.154	2.9275	0.6065	2.404	0	0	1	13	17	-4	North Carolina	Haywood
ELS313	1.27055	8.474	12.6045	4.5435	2.375	0.6705	1.9135	0	0	2	8	20.5	-12.5	North Carolina	Haywood
ELS314	1.50693333333333	19.2	18.7553333333333	6.974	3.45333333333333	0.682	2.00733333333333	0	0	1	16	15	1	North Carolina	Transylvania
ELS054	1.15443333333333	14.231	16.9776666666667	6.76066666666667	2.653	0.618333333333333	2.539	0	0	0	26	17	9	North Carolina	Richmond
ELS321	1.12336	7.5068	12.3158	4.7722	1.9232	0.595	2.5266	0	0	0	NA	NA	NA	North Carolina	Richmond
ELS322	0.917266666666667	5.534	9.869	3.89866666666667	1.737	0.692333333333333	2.21533333333333	0	0	0	22	14.5	7.5	North Carolina	Richmond
ELS323	0.86405	10.21275	14.254	5.51175	2.3245	0.6225	2.383	0	0	0	16	13	3	North Carolina	Richmond
ELS324	1.0259	10.871	14.019	5.3986	2.5552	0.6902	2.138	0	0	0	17.5	12.25	5.25	North Carolina	Richmond
ELS050	1.434575	20.69725	19.77975	7.6135	3.46125	0.655	2.306	1	1	0	35	20	15	North Carolina	Moore
ELS328	1.0523	18.9186666666667	18.5393333333333	6.968	3.45966666666667	0.685333333333333	2.095	0	1	0	27	19	8	North Carolina	Moore
ELS329	1.2066	22.619	20.334	8.04866666666667	3.506	0.672	2.305	0	1	0	39	25	14	North Carolina	Moore
ELS330	1.01873333333333	17.2516666666667	18.6683333333333	7.398	2.968	0.622333333333333	2.497	0	1	0	NA	NA	NA	North Carolina	Moore
ELS331	1.04083333333333	32.9863333333333	26.5786666666667	10.2293333333333	4.05333333333333	0.58	2.51133333333333	0	1	0	NA	NA	NA	North Carolina	Moore
ELS340	2.13526	21.9514	19.3394	6.2118	4.2626	0.6908	1.4626	0	0	2	22	21.5	0.5	North Carolina	Burke
ELS384	1.6506	21.493	19.298	6.376	4.292	0.725	1.486	0	0	1	15	14.4	0.6	Maine	Hancock
ELS386	1.4131279165	16.5545	18.0005	6.5145	3.228	0.641	2.0195	0	0	1	NA	NA	NA	Maine	Hancock
ELS387	1.3586	35.569	25.118	9.202	4.922	0.708	1.87	0	0	1	NA	NA	NA	Maine	Hancock
ELS388	1.1063	19.47	18.917	6.324	3.92	0.684	1.613	0	0	2	16	12	4	Maine	Hancock
ELS389	1.06546666666667	16.596	17.6466666666667	6.82366666666667	3.091	0.668	2.21166666666667	0	0	1	21.3333333333333	15.8	5.53333333333333	Maine	Hancock
ELS391	1.36385	22.208	19.829	6.6195	4.2545	0.6995	1.6045	NA	NA	NA	NA	NA	NA	Maine	Waldo
ELS079	0.8824	7.629	10.876	3.586	2.709	0.811	1.324	0	0	1	16	14.6	1.4	New Hampshire	Coos
ELS407	1.27038	13.3928	15.0104	5.3768	3.144	0.7428	1.704	0	0	2	NA	NA	NA	New Hampshire	Coos
ELS408	0.961775	9.62975	13.7485	4.9125	2.48025	0.638	1.9855	0	0	2	11	8.5	2.5	New Hampshire	Coos
ELS409	1.1484	9.624	13.176	4.99	2.456	0.697	2.032	0	0	0	11	13	-2	New Hampshire	Coos
ELS410	1.3214	13.76875	15.52575	5.51975	3.17825	0.7235	1.74	0	0	1	15	14.3333333333333	0.666666666666666	New Hampshire	Coos
ELS411	0.8716	11.693	14.155	5.22	2.852	0.733	1.83	0	0	1	NA	NA	NA	New Hampshire	Merrimack
ELS413	1.425775	14.88125	17.209	6.43775	2.89575	0.6215	2.22675	0	0	1	NA	NA	NA	Massachusetts	Berkshire
ELS414	1.34825	13.2645	15.1875	5.67025	2.928	0.71725	1.92925	0	0	1	NA	NA	NA	Massachusetts	Berkshire
ELS415	1.103975	10.8375	14.0165	5.14375	2.673	0.69	1.937	0	0	2	NA	NA	NA	Massachusetts	Berkshire
ELS416	1.48486666666667	16.4711666666667	18.664	7.19116666666667	2.9145	0.594666666666667	2.46733333333333	0	0	1	NA	NA	NA	Massachusetts	Berkshire
ELS420	1.2387	18.7133333333333	17.4423333333333	6.04233333333333	3.839	0.756666666666667	1.55366666666667	0	0	1	NA	NA	NA	Massachusetts	Berkshire
ELS423	1.268275	11.94525	14.204	5.23625	2.903	0.74375	1.804	0	0	NA	NA	NA	NA	Massachusetts	Berkshire
ELS081	NA	14.007	15.138	5.177	3.445	0.768	1.502	0	0	2	NA	17.5	NA	Connecticut	New Haven
ELS537	0.770366666666667	8.26416666666667	11.6806666666667	4.29316666666667	2.4195	0.752333333333333	1.7685	0	0	2	NA	NA	NA	Massachusetts	Barnstable
ELS538	0.922883333333333	11.3856666666667	14.1801666666667	5.05566666666667	2.8285	0.705	1.784	0	0	2	NA	NA	NA	Massachusetts	Barnstable
ELS539	0.8418	10.268375	13.30875	4.836625	2.578125	0.705375	1.85	0	0	2	NA	NA	NA	Massachusetts	Barnstable
ELS540	0.92812	7.7942	11.3336	4.1344	2.396	0.762	1.725	0	0	2	NA	NA	NA	Massachusetts	Barnstable
ELS541	0.86776	7.1538	11.2364	4.1392	2.1914	0.7108	1.8874	0	0	2	NA	NA	NA	Massachusetts	Barnstable
ELS542	1.07013333333333	11.7681666666667	14.3693333333333	5.18183333333333	2.82666666666667	0.708333333333333	1.81466666666667	0	1	2	NA	NA	NA	Massachusetts	Barnstable
ELS564	1.66096666666667	20.522	19.717	7.07333333333333	3.60966666666667	0.658	1.94666666666667	0	0	2	NA	NA	NA	North Carolina	Burke
ELS565	1.03661666666667	11.554	14.1155	5.04766666666667	2.90333333333333	0.725833333333333	1.742	0	0	2	NA	NA	NA	North Carolina	Burke
ELS567	2.1336	9.963	14.237	5.642	2.248	0.618	2.51	0	0	1	30	16	14	North Carolina	Transylvania
ELS567	2.1336	9.963	14.237	5.642	2.248	0.618	2.51	0	0	1	17	16	1	North Carolina	Transylvania
ELS586	1.21076666666667	40.4903333333333	28.954	10.8723333333333	4.73866666666667	0.608666666666667	2.294	0	0	1	38	22.5	15.5	Alabama	Butler
ELS587	1.104475	23.1475	19.9405	6.74675	4.3095	0.722	1.5655	0	1	1	21	18	3	Alabama	Butler
ELS607	1.789825	41.199	25.5135	8.981	5.18375	0.68625	1.84225	0	1	1	35	20.5	14.5	South Carolina	Hampton
ELS612	1.4666	30.789	22.637	7.88233333333333	4.95533333333333	0.752	1.59666666666667	0	0	0	21.3333333333333	18.25	3.08333333333333	South Carolina	Kershaw
ELS618	1.27451666666667	29.7668333333333	25.0963333333333	9.75583333333333	3.71033333333333	0.571166666666667	2.60016666666667	0	1	1	NA	NA	NA	North Carolina	Hertford
ELS619	0.979771428571429	28.035	23.6524285714286	8.934	3.96442857142857	0.626571428571429	2.26242857142857	0	1	1	NA	NA	NA	North Carolina	Hertford
ELS621	1.3198375	15.7855555555556	17.3997777777778	6.46133333333333	3.07988888888889	0.640555555555556	2.17522222222222	0	0	1	33	26.5	6.5	North Carolina	Hertford
ELS622	1.85886	19.3316	20.604	8.0182	2.9506	0.5516	2.7318	0	1	1	NA	NA	NA	North Carolina	Hertford
ELS624	1.48125	29.4345	25.5426666666667	9.95333333333333	3.69466666666667	0.557833333333333	2.68566666666667	0	1	0	NA	NA	NA	North Carolina	Hertford
ELS628	1.407175	20.607	20.4735	7.72725	3.377	0.61325	2.28625	0	1	0	NA	NA	NA	Virginia	Surry
ELS629	1.40512	26.027	21.2078	7.9096	4.0476	0.7	1.948	0	1	0	NA	NA	NA	Virginia	Surry
ELS630	1.27665	19.958	19.2325	7.1655	3.49325	0.66675	2.0515	0	1	0	24	20.5	3.5	Virginia	Surry
ELS631	1.24833333333333	21.051	20.7576666666667	7.72933333333333	3.38833333333333	0.605	2.25733333333333	0	1	1	NA	NA	NA	Virginia	Sussex
ELS645	2.12813333333333	43.9061666666667	29.287	10.3846666666667	5.29933333333333	0.629	1.9945	0	1	1	47.5	25.25	22.25	Delaware	Sussex
ELS653	1.25064	19.8994	19.4798	7.5552	3.2966	0.6468	2.2932	0	1	0	38	24	14	Georgia	Tattnall
ELS654	1.7586	23.456	22.45	9.1255	3.271	0.5845	2.791	0	1	1	NA	NA	NA	Georgia	Tattnall
ELS655	0.77195	8.311	11.5525	4.309	2.2895	0.7295	1.8865	0	1	0	NA	NA	NA	Georgia	Tattnall
ELS656	1.1059	18.946	17.7225	6.5685	3.66625	0.75625	1.7945	0	1	0	NA	NA	NA	Georgia	Tattnall
ELS657	0.8152	11.93725	13.59775	4.4875	3.35575	0.804	1.3425	0	1	0	NA	NA	NA	Georgia	Tattnall
ELS658	1.3207	21.3875	18.5486666666667	6.74683333333333	3.87733333333333	0.7445	1.78066666666667	0	1	0	54	30.2	23.8	Georgia	Tattnall
ELS659	1.0268	19.8263333333333	19.013	7.35666666666667	3.407	0.685	2.15933333333333	0	0	1	36	21.6	14.4	Georgia	Appling
ELS660	1.16495	26.64725	21.41675	7.7955	4.28275	0.7165	1.84575	0	0	1	33	22.3333333333333	10.6666666666667	Georgia	Appling
ELS661	0.9929	9.5405	13.8165	5.39425	2.19625	0.624	2.42575	0	0	1	12	15.25	-3.25	Georgia	Coffee
ELS663	1.256275	15.74	16.7175	6.39275	2.923	0.66575	2.176	0	0	1	NA	NA	NA	Georgia	Tift
ELS664	1.5201	20.9015	19.5305	7.1825	3.69	0.685	1.951	0	1	0	48	25	23	Georgia	Tift
ELS665	1.47492	18.1234	19.6934	7.6316	3.0088	0.5914	2.528	0	1	0	NA	NA	NA	Georgia	Tift
ELS666	1.8368	43.319	28.465	9.892	5.576	0.672	1.774	0	1	0	NA	NA	NA	Georgia	Tift
ELS667	1.58742	27.737	23.7222	8.7474	3.9234	0.6006	2.2566	0	1	0	41	21.3333333333333	19.6666666666667	Georgia	Tift
ELS668	1.7833	41.23	29.616	11.024	4.762	0.591	2.315	0	1	0	NA	NA	NA	Georgia	Tift
ELS669	1.5041	21.71225	21.42575	7.9765	3.442	0.58875	2.32925	0	1	0	NA	NA	NA	Georgia	Tift
ELS670	1.3046	25.5705	21.125	7.95875	4.094	0.72075	1.94875	0	1	0	NA	NA	NA	Georgia	Tift
ELS671	1.4596	28.658	22.007	7.698	4.74	0.744	1.624	0	0	1	NA	NA	NA	Georgia	Tift
ELS672	1.38888333333333	20.98	19.183	6.991	3.80116666666667	0.714666666666667	1.83966666666667	0	0	1	NA	NA	NA	Georgia	Tift
ELS673	1.1641	9.787	13.6746	5.1428	2.4038	0.6536	2.1362	0	1	1	NA	NA	NA	Georgia	Tift
ELS674	0.993585714285714	21.2415714285714	19.98	7.64771428571429	3.52971428571429	0.667	2.16471428571429	0	0	0	42	18	24	Georgia	Colquitt
ELS675	1.16225	31.5245	24.9005	9.79025	4.0995	0.639	2.38875	0	0	0	45	18	27	Georgia	Colquitt
ELS677	1.278975	12.72275	15.51725	6.10175	2.588	0.65625	2.32825	0	0	0	30	17	13	Georgia	Grady
ELS678	1.13663333333333	6.32933333333333	11.2216666666667	4.42866666666667	1.81466666666667	0.63	2.43933333333333	0	0	0	16	15	1	Georgia	Grady
ELS679	1.00675	16.6865	16.2095	5.8165	3.65	0.7975	1.595	0	0	1	19	14.3333333333333	4.66666666666667	Georgia	Grady
ELS680	1.27523333333333	21.8546666666667	19.8716666666667	7.15666666666667	3.901	0.696666666666667	1.85733333333333	0	0	1	NA	NA	NA	Georgia	Grady
ELS681	1.404925	23.08725	21.227	7.81975	3.7085	0.63625	2.139	0	0	0	58	30	28	Georgia	Grady
ELS682	1.26524	53.9656	30.1352	11.026	6.162	0.7388	1.7798	0	1	0	NA	NA	NA	Georgia	Lanier
ELS683	1.203025	14.17525	16.05925	6.22425	2.89375	0.68925	2.15525	0	1	0	NA	NA	NA	Georgia	Lanier
ELS684	1.32115	34.4271666666667	24.4341666666667	8.63616666666667	5.041	0.715833333333333	1.7445	0	1	0	30	27.8	2.2	Georgia	Lanier
ELS685	1.52326666666667	39.257	25.9263333333333	9.20766666666667	5.24566666666667	0.705333333333333	1.778	0	1	0	35.5	26.8	8.7	Georgia	Lanier
ELS686	1.22821666666667	28.2316666666667	22.4356666666667	8.4425	4.2405	0.703	1.98883333333333	0	1	0	NA	NA	NA	Georgia	Lanier
ELS687	1.1923	12.3875	14.3715	5.206	3.04675	0.755	1.72525	0	0	0	NA	NA	NA	Georgia	Charlton
ELS688	1.3067	7.76	11.88675	4.508	2.1855	0.692	2.059	0	0	0	34.5	10	24.5	Georgia	Charlton
ELS689	1.21711666666667	18.0378333333333	18.2746666666667	6.85083333333333	3.32116666666667	0.672333333333333	2.07466666666667	0	0	1	25	13.4	11.6	Georgia	Charlton
ELS690	1.319975	16.239	19.22225	7.43	2.76225	0.552	2.684	0	0	0	NA	NA	NA	Georgia	Charlton
ELS691	1.15656666666667	15.308	16.558	6.40733333333333	3.047	0.700333333333333	2.12533333333333	0	0	0	12	10.2	1.8	Georgia	Charlton
ELS692	0.91254	14.3466666666667	16.0223333333333	6.15133333333333	2.96933333333333	0.702666666666667	2.07366666666667	0	0	1	NA	NA	NA	Georgia	Screven
ELS077	NA	NA	NA	NA	NA	NA	NA	0	0	1	NA	NA	NA	New Hampshire	Merrimack
ELS078	NA	NA	NA	NA	NA	NA	NA	0	0	1	NA	NA	NA	New Hampshire	Merrimack
ELS080	NA	NA	NA	NA	NA	NA	NA	0	0	2	20	16.6	3.4	New Hampshire	Coos
ELS199	NA	NA	NA	NA	NA	NA	NA	0	0	0	35	18.5	16.5	Florida	Franklin
ELS202	NA	NA	NA	NA	NA	NA	NA	1	1	0	NA	NA	NA	Florida	Franklin
ELS226	NA	NA	NA	NA	NA	NA	NA	0	0	0	NA	NA	NA	Florida	Alachua
ELS228	NA	NA	NA	NA	NA	NA	NA	0	0	0	NA	NA	NA	Florida	Alachua
ELS251(2)	NA	NA	NA	NA	NA	NA	NA	NA	NA	0	NA	NA	NA	Florida	Alachua
ELS269	NA	NA	NA	NA	NA	NA	NA	0	1	0	NA	NA	NA	South Carolina	Colleton
ELS270	NA	NA	NA	NA	NA	NA	NA	0	0	0	21	12	9	South Carolina	Colleton
ELS298	NA	NA	NA	NA	NA	NA	NA	0	0	2	NA	NA	NA	North Carolina	Transylvania
ELS301	NA	NA	NA	NA	NA	NA	NA	0	0	1	12	17.5	-5.5	North Carolina	Transylvania
ELS312	NA	NA	NA	NA	NA	NA	NA	0	0	1	11.25	22.4	-11.15	North Carolina	Haywood
ELS315	NA	NA	NA	NA	NA	NA	NA	0	0	1	NA	NA	NA	North Carolina	Transylvania
ELS318	NA	NA	NA	NA	NA	NA	NA	0	0	0	NA	NA	NA	North Carolina	Richmond
ELS321(2)	NA	NA	NA	NA	NA	NA	NA	0	0	0	14	11.5	2.5	North Carolina	Richmond
ELS323(2)	NA	NA	NA	NA	NA	NA	NA	0	0	0	NA	NA	NA	North Carolina	Richmond
ELS327	NA	NA	NA	NA	NA	NA	NA	0	1	0	30	25.5	4.5	North Carolina	Moore
ELS340(2)	NA	NA	NA	NA	NA	NA	NA	0	0	2	23	24.5	-1.5	North Carolina	Burke
ELS385	NA	NA	NA	NA	NA	NA	NA	0	0	2	NA	NA	NA	Maine	Hancock
ELS406	NA	NA	NA	NA	NA	NA	NA	0	0	1	NA	NA	NA	New Hampshire	Coos
ELS532	NA	NA	NA	NA	NA	NA	NA	0	0	1	NA	NA	NA	Massachusetts	Barnstable
ELS029	NA	NA	NA	NA	NA	NA	NA	0	1	0	50	19.5	30.5	South Carolina	Colleton
ELS652	NA	NA	NA	NA	NA	NA	NA	0	0	0	NA	NA	NA	Georgia	Bulloch
ELS661(V2)	NA	NA	NA	NA	NA	NA	NA	0	0	0	15.5	17.6	-2.1	Georgia	Coffee
ELS662	NA	NA	NA	NA	NA	NA	NA	0	0	1	NA	NA	NA	Georgia	Tift
ELS676	NA	NA	NA	NA	NA	NA	NA	NA	NA	NA	NA	NA	NA	Georgia	Colquitt
